-58.145, -20.566, 94.215
-57.248, -21.009, 92.857
-56.351, -21.451, 91.479
-55.455, -21.894, 90.08
-54.558, -22.336, 88.659
-53.661, -22.779, 87.215
-52.764, -23.221, 85.747
-51.868, -23.664, 84.253
-50.971, -24.106, 82.731
-50.074, -24.549, 81.182
-49.177, -24.991, 79.602
-48.28, -25.434, 77.99
-47.384, -25.876, 76.345
-46.487, -26.319, 74.662
-45.59, -26.761, 72.942
-44.693, -27.204, 71.179
-43.797, -27.646, 69.372
-42.9, -28.089, 67.517
-42.003, -28.531, 65.609
-41.106, -28.974, 63.643
-40.21, -29.416, 61.616
-39.313, -29.859, 59.519
-38.416, -30.301, 57.345
-37.519, -30.744, 55.086
-36.623, -31.186, 52.73
-35.726, -31.629, 50.264
-34.867, -31.866, 47.959
-34.183, -31.136, 45.234
-33.491, -30.414, 42.333
-32.792, -29.699, 39.31
-32.085, -28.992, 36.286
-31.369, -28.294, 33.262
-30.645, -27.604, 30.238
-29.912, -26.924, 27.214
-29.17, -26.254, 24.19
-28.419, -25.593, 21.167
-27.659, -24.943, 18.143
-26.891, -24.303, 15.119
-26.114, -23.673, 12.095
-25.33, -23.053, 9.071
-24.539, -22.441, 6.048
-23.742, -21.836, 3.024
-22.942, -21.237, 0
-22.139, -20.641, 0
-21.336, -20.045, 0
-20.535, -19.446, 0
-19.738, -18.842, 0
-18.949, -18.228, 0
-18.168, -17.604, 0
-17.398, -16.965, 0
-16.641, -16.311, 0
-15.899, -15.641, 0
-15.172, -14.955, 0
-14.46, -14.253, 0
-13.763, -13.535, 0
-13.085, -12.801, 0
-13.222, -12.807, 0
-13.93, -13.513, 0
-14.624, -14.233, 0
-15.308, -14.962, 0
-15.986, -15.697, 0
-16.657, -16.439, 0
-17.322, -17.186, 0
-17.981, -17.938, 0
-18.635, -18.694, 0
-19.284, -19.455, 0
-19.927, -20.22, 0
-20.565, -20.99, 0
-21.198, -21.765, 4.215
-21.826, -22.543, 8.43
-22.448, -23.326, 12.644
-23.065, -24.113, 16.859
-23.677, -24.904, 21.074
-24.283, -25.699, 25.289
-24.883, -26.499, 29.503
-25.477, -27.304, 33.718
-26.065, -28.112, 37.933
-26.647, -28.926, 42.148
-27.223, -29.743, 46.362
-27.791, -30.566, 50.577
-28.353, -31.393, 54.792
-28.908, -32.225, 59.007
-29.455, -33.062, 63.221
-29.995, -33.904, 67.436
-30.526, -34.751, 71.651
-31.05, -35.603, 75.866
-31.564, -36.461, 80.08
-32.07, -37.323, 84.295
-32.566, -38.192, 88.51
-33.051, -39.066, 92.725
-33.527, -39.946, 96.939
-33.991, -40.832, 101.154
-34.442, -41.724, 105.369
-34.881, -42.622, 106.508
-35.307, -43.527, 105.308
-35.719, -44.438, 104.095
-36.116, -45.356, 102.868
-36.496, -46.281, 101.626
-36.86, -47.212, 100.369
-37.206, -48.151, 99.095
-37.532, -49.096, 97.806
-37.838, -50.048, 96.498
-38.121, -51.007, 95.173
-38.379, -51.973, 93.829
-38.612, -52.945, 92.466
-38.817, -53.924, 91.082
-38.991, -54.909, 89.677
-39.133, -55.898, 88.25
-39.24, -56.893, 86.799
-39.308, -57.89, 85.323
-39.333, -58.89, 83.822
-39.314, -59.889, 82.293
-39.247, -60.887, 80.735
-39.131, -61.88, 79.147
-38.962, -62.865, 77.526
-38.776, -63.65, 76.194
-38.881, -62.655, 74.509
-39.001, -61.663, 72.785
-39.139, -60.672, 71.018
-39.297, -59.685, 69.207
-39.48, -58.702, 67.347
-39.69, -57.724, 65.434
-39.933, -56.754, 63.464
-40.213, -55.794, 61.43
-40.54, -54.849, 59.327
-40.924, -53.926, 57.147
-41.375, -53.034, 54.88
-41.909, -52.189, 52.517
-42.539, -51.413, 50.042
-43.271, -50.734, 47.439
-44.1, -50.177, 50.129
-45.005, -49.753, 62.442
-45.957, -49.45, 79.983
-46.934, -49.238, 79.866
-47.922, -49.081, 78.259
-48.912, -48.941, 76.62
-49.9, -48.786, 74.944
-50.879, -48.585, 73.23
-51.841, -48.313, 71.475
-52.772, -47.949, 69.677
-53.657, -47.484, 68.261
-54.244, -47.002, 118.013
-53.244, -47.02, 118.013
-52.244, -47.038, 118.013
-51.245, -47.056, 118.013
-50.245, -47.075, 118.013
-49.245, -47.093, 118.013
-48.245, -47.111, 118.013
-47.245, -47.129, 118.013
-46.245, -47.147, 118.013
-45.246, -47.166, 118.013
-44.246, -47.184, 118.013
-43.246, -47.202, 118.013
-42.246, -47.22, 117.903
-41.246, -47.238, 116.821
-40.246, -47.256, 115.729
-39.247, -47.275, 114.626
-38.247, -47.293, 113.513
-37.247, -47.311, 112.388
-36.247, -47.329, 111.253
-35.247, -47.347, 110.105
-34.247, -47.366, 108.946
-33.248, -47.384, 107.774
-33.187, -46.985, 107.298
-33.857, -46.243, 108.173
-34.498, -45.476, 109.069
-35.11, -44.686, 109.968
-35.695, -43.874, 110.858
-36.252, -43.044, 111.727
-36.778, -42.194, 111.727
-37.279, -41.328, 112.568
-37.755, -40.449, 113.373
-38.206, -39.556, 114.141
-38.635, -38.653, 114.866
-39.041, -37.739, 115.55
-39.426, -36.816, 115.55
-39.785, -35.883, 116.19
-40.125, -34.943, 116.788
-40.446, -33.996, 117.345
-40.75, -33.043, 117.863
-41.036, -32.085, 118.013
-41.301, -31.121, 118.013
-41.55, -30.152, 118.013
-41.784, -29.18, 118.013
-42.003, -28.204, 118.013
-42.206, -27.225, 118.013
-42.392, -26.243, 118.013
-42.566, -25.258, 118.013
-42.728, -24.271, 118.013
-42.875, -23.282, 118.013
-43.008, -22.291, 118.013
-43.129, -21.298, 118.013
-43.24, -20.305, 118.013
-43.338, -19.309, 118.013
-43.423, -18.313, 118.013
-43.498, -17.316, 118.013
-43.564, -16.318, 117.107
-43.617, -15.32, 116.018
-43.659, -14.32, 114.918
-43.693, -13.321, 113.807
-43.718, -12.321, 112.686
-43.729, -11.321, 111.553
-43.733, -10.321, 110.409
-43.728, -9.321, 109.253
-43.714, -8.322, 108.084
-43.689, -7.322, 106.903
-43.656, -6.322, 105.708
-43.616, -5.323, 104.5
-43.564, -4.325, 103.277
-43.504, -3.326, 102.04
-43.437, -2.329, 100.788
-43.361, -1.332, 99.52
-43.275, -0.335, 98.235
-43.181, 0.66, 96.934
-43.08, 1.655, 95.615
-42.969, 2.649, 94.277
-42.849, 3.642, 92.92
-42.722, 4.634, 91.543
-42.587, 5.624, 90.145
-42.442, 6.614, 88.725
-42.288, 7.602, 87.282
-42.126, 8.589, 85.815
-41.955, 9.574, 84.322
-41.776, 10.558, 82.802
-41.586, 11.54, 81.254
-41.387, 12.52, 79.676
-41.179, 13.498, 78.065
-40.962, 14.474, 76.421
-40.734, 15.448, 74.741
-40.495, 16.419, 73.022
-40.245, 17.387, 71.262
-39.985, 18.352, 69.457
-39.712, 19.314, 67.603
-39.428, 20.273, 65.698
-39.131, 21.228, 63.736
-38.82, 22.178, 61.711
-38.494, 23.124, 59.618
-38.152, 24.064, 57.448
-37.793, 24.997, 55.193
-37.416, 25.923, 52.842
-37.018, 26.84, 50.381
-36.598, 27.748, 47.794
-36.153, 28.643, 45.059
-35.679, 29.524, 42.147
-35.172, 30.385, 39.018
-34.624, 31.222, 35.615
-34.033, 32.028, 31.851
-33.38, 32.785, 27.578
-32.658, 33.476, 22.512
-31.85, 34.062, 15.912
-30.944, 34.476, 0
-29.963, 34.661, 61.554
-28.965, 34.718, 59.456
-27.967, 34.663, 57.282
-26.985, 34.481, 55.023
-26.039, 34.161, 54.188
-25.148, 33.709, 58.572
-24.328, 33.139, 66.709
-23.582, 32.473, 76.532
-22.907, 31.735, 76.712
-22.295, 30.945, 75.039
-21.736, 30.116, 73.327
-21.218, 29.261, 71.575
-20.734, 28.386, 69.778
-20.277, 27.496, 67.933
-19.838, 26.598, 66.037
-19.413, 25.693, 64.085
-18.996, 24.784, 62.072
-18.584, 23.873, 59.991
-18.171, 22.962, 57.835
-17.755, 22.053, 55.596
-17.331, 21.147, 53.263
-16.897, 20.246, 50.823
-16.45, 19.352, 48.259
-15.985, 18.466, 45.552
-15.502, 17.591, 42.673
-14.996, 16.728, 39.585
-14.466, 15.88, 36.235
-13.91, 15.049, 32.542
-13.324, 14.239, 28.373
-12.706, 13.453, 23.474
-12.055, 12.694, 17.235
-11.252, 11.843, 0
-11.252, 11.843, 0
2.478, -2.699, 0
endData
127
127
200
-58.145, -20.566, -46.565, -26.28, -46.565, -26.28, -34.986, -31.994
-34.986, -31.994, -25.259, -21.483, -20.176, -20.369, -13.587, -13.349
-13.587, -13.349, -6.998, -6.328, -44.336, -41.94, -38.767, -63.747
-38.767, -63.747, -40.649, -44.136, -48.101, -51.706, -54.376, -47
-54.376, -47, -43.591, -47.196, -43.591, -47.196, -32.805, -47.392
-32.805, -47.392, -52.817, -27.016, -41.261, 32.942, -30.454, 34.598
-30.454, 34.598, -19.646, 36.254, -20.055, 20.646, -11.252, 11.843
#PATH.JERRYIO-DATA {"appVersion":"0.10.0","format":"LemLib v0.5","gc":{"robotWidth":18,"robotHeight":18,"robotIsHolonomic":true,"showRobot":true,"uol":2.54,"pointDensity":1,"controlMagnetDistance":0.7750015500031,"fieldImage":{"displayName":"V5RC 2026 - Push Back","signature":"V5RC-PushBack-H2H-TopDownHighlighted-TileColor66_71","origin":{"__type":"built-in"}},"coordinateSystem":"VEX Gaming Positioning System"},"paths":[{"segments":[{"controls":[{"uid":"XfeE2aH1Iv","x":-58.1449162706052,"y":-20.566041655814495,"lock":false,"visible":true,"heading":120,"__type":"end-point"},{"uid":"hiapuP661n","x":-34.98567886960097,"y":-31.99383847114205,"lock":false,"visible":true,"heading":50,"__type":"end-point"}],"speedProfiles":[],"lookaheadKeyframes":[],"uid":"1F93euemsM"},{"controls":[{"uid":"hiapuP661n","x":-34.98567886960097,"y":-31.99383847114205,"lock":false,"visible":true,"heading":50,"__type":"end-point"},{"uid":"t2fxheL89z","x":-25.25905977168818,"y":-21.482814607268523,"lock":false,"visible":true,"__type":"control"},{"uid":"DL36tYAAWg","x":-20.176266537810353,"y":-20.368982639021276,"lock":false,"visible":true,"__type":"control"},{"uid":"QVbsKv0y0z","x":-13.587266503740409,"y":-13.348559983672937,"lock":false,"visible":true,"heading":40,"__type":"end-point"}],"speedProfiles":[{"uid":"cA3aVSsmzI","xPos":0.5555555555555556,"yPos":0,"followBentRate":true}],"lookaheadKeyframes":[],"uid":"5QMuaPDGtU"},{"controls":[{"uid":"QVbsKv0y0z","x":-13.587266503740409,"y":-13.348559983672937,"lock":false,"visible":true,"heading":40,"__type":"end-point"},{"uid":"2ZJTX3KcyK","x":-6.998266469670465,"y":-6.328137328324598,"lock":false,"visible":true,"__type":"control"},{"uid":"fZuUBX8ZPs","x":-44.33593332940017,"y":-41.9401137029408,"lock":false,"visible":true,"__type":"control"},{"uid":"KRdd0xBVRV","x":-38.76665949107914,"y":-63.7465661966485,"lock":true,"visible":true,"heading":0,"__type":"end-point"}],"speedProfiles":[{"uid":"NEmGHGndEj","xPos":0.2,"yPos":0,"followBentRate":true},{"uid":"a7M14YhE6O","xPos":0.6666666666666666,"yPos":0.9292385057471264,"followBentRate":true}],"lookaheadKeyframes":[],"uid":"KzJLE2OFhG"},{"controls":[{"uid":"KRdd0xBVRV","x":-38.76665949107914,"y":-63.7465661966485,"lock":true,"visible":true,"heading":0,"__type":"end-point"},{"uid":"iN4dECgxKN","x":-40.649230929384835,"y":-44.13644704763078,"lock":false,"visible":true,"__type":"control"},{"uid":"ClQybM4QgQ","x":-48.10107620601155,"y":-51.70595303915156,"lock":false,"visible":true,"__type":"control"},{"uid":"GXEAeSqwT3","x":-54.37631433369722,"y":-46.999524443387315,"lock":true,"visible":true,"heading":270,"__type":"end-point"}],"speedProfiles":[],"lookaheadKeyframes":[],"uid":"MXNfXdhcH4"},{"controls":[{"uid":"GXEAeSqwT3","x":-54.37631433369722,"y":-46.999524443387315,"lock":true,"visible":true,"heading":270,"__type":"end-point"},{"uid":"EcYn7Ts0Xp","x":-32.80518326977774,"y":-47.39172682636767,"lock":true,"visible":true,"heading":270,"__type":"end-point"}],"speedProfiles":[],"lookaheadKeyframes":[],"uid":"oIlJghndd3"},{"controls":[{"uid":"EcYn7Ts0Xp","x":-32.80518326977774,"y":-47.39172682636767,"lock":true,"visible":true,"heading":270,"__type":"end-point"},{"uid":"yTp8mPFRvy","x":-52.816753097226425,"y":-27.01604488534376,"lock":false,"visible":true,"__type":"control"},{"uid":"0yuCrTWhV9","x":-41.26091699728659,"y":32.941802737638604,"lock":false,"visible":true,"__type":"control"},{"uid":"LjHsd77yK1","x":-30.453562444050217,"y":34.59776835466676,"lock":false,"visible":true,"heading":150,"__type":"end-point"}],"speedProfiles":[],"lookaheadKeyframes":[],"uid":"PyDq49XQnw"},{"controls":[{"uid":"LjHsd77yK1","x":-30.453562444050217,"y":34.59776835466676,"lock":false,"visible":true,"heading":150,"__type":"end-point"},{"uid":"RUlpedxGA4","x":-19.64620789081384,"y":36.25373397169492,"lock":false,"visible":true,"__type":"control"},{"uid":"vtdxvNJNw2","x":-20.0549398393052,"y":20.64596406008964,"lock":false,"visible":true,"__type":"control"},{"uid":"7MY0eWgb4m","x":-11.252175243523913,"y":11.843199464308357,"lock":false,"visible":true,"heading":137.49999795109036,"__type":"end-point"}],"speedProfiles":[],"lookaheadKeyframes":[],"uid":"vd7eQurCkt"}],"pc":{"speedLimit":{"minLimit":{"value":0,"label":"0"},"maxLimit":{"value":127,"label":"127"},"step":1,"from":0,"to":127},"bentRateApplicableRange":{"minLimit":{"value":0,"label":"0"},"maxLimit":{"value":1,"label":"1"},"step":0.001,"from":0,"to":0.1},"maxDecelerationRate":127},"name":"Red Right","uid":"54CACjusYN","lock":false,"visible":true}]}